-6.9349190131577976e-02
-1.1874837343406198e-03
-6.9554405512903955e-02
-6.8030636726505321e-04
-7.1720974980057348e-02
-6.0475315565125358e-04
-7.1796389231935070e-02
-1.3723262500804961e-03
-7.1843815813379480e-02
-1.4454912439645297e-03
0.0000000000000000e+00
0.0000000000000000e+00
-7.1946105022070925e-02
-3.9092604640723682e-04
0.0000000000000000e+00
0.0000000000000000e+00
0.0000000000000000e+00
0.0000000000000000e+00
-5.0243396012452396e-02
1.7231812067199095e-03
0.0000000000000000e+00
0.0000000000000000e+00
-5.2854950553588582e-02
-1.0251308293437952e-03
-5.4161694573960799e-02
1.2837530159267917e-03
-5.3874536674648199e-02
-8.1432382604411998e-04
-6.9301233121487046e-02
-1.1634836847389510e-03
-6.8889591370512315e-02
-7.3124208467757821e-04
-6.9278678761949430e-02
-1.2029837535891669e-03
-6.9234406056598780e-02
-1.2997680987878672e-03
-6.9212211372184862e-02
-1.4284652171351929e-03
-6.9209609150039195e-02
-1.5601190766930863e-03
-6.9224372605558415e-02
-1.6678580186335517e-03
-6.9254312362580076e-02
-1.7280276410746984e-03
-6.9297243963392541e-02
-1.7201422556797352e-03
-6.9350982327705535e-02
-1.6268994658175980e-03
-6.9413333222543491e-02
-1.4340285652351210e-03
-6.9482024135382237e-02
-1.1325246286109519e-03
-6.9977104212096769e-02
-6.3849373914333916e-04
-7.0316921452485207e-02
-6.0426653930434272e-04
-7.0591170738977776e-02
-5.7601934675325132e-04
-7.0809289878239728e-02
-5.5399407053260030e-04
-7.0981176834209986e-02
-5.3826988787571194e-04
-7.1116766072098464e-02
-5.2884509606855872e-04
-7.1226050491510734e-02
-5.2574956468992053e-04
-7.1318993066345426e-02
-5.2898216821408784e-04
-7.1405527172672831e-02
-5.3850544539271196e-04
-7.1495491464644331e-02
-5.5426297548664418e-04
-7.1598708359124727e-02
-5.7627957940041248e-04
-7.1710620848631806e-02
-8.0123898851390963e-04
-7.1713571625647496e-02
-9.9061319490122883e-04
-7.1726800607708405e-02
-1.1612963150340768e-03
-7.1746863410406342e-02
-1.3007300814483541e-03
-7.1771188121035279e-02
-1.4032244386867091e-03
-7.1795468806867865e-02
-1.4588360415769923e-03
-7.1815690255820186e-02
-1.4773849860012474e-03
-7.1829298032301814e-02
-1.4643086065688842e-03
-7.1832894645205952e-02
-1.4316571381749342e-03
-7.1822930773769639e-02
-1.3968103297401276e-03
-7.1690629324265592e-02
-1.3226862554581841e-03
-7.1540788906486061e-02
-1.2793416775854728e-03
-7.1349077397392449e-02
-1.2421808374747567e-03
-7.1125257982717391e-02
-1.2111422718638347e-03
-7.0879014547307467e-02
-1.1863050351962382e-03
-7.0620178607176134e-02
-1.1677357819314391e-03
-7.0358653724028525e-02
-1.1554695359911025e-03
-7.0104383967150893e-02
-1.1495057408430684e-03
-6.9867320073046066e-02
-1.1498459619893348e-03
-6.9657311370081937e-02
-1.1564561361661560e-03
-6.9485169956557374e-02
-1.1693142157772091e-03
-7.1804604848150294e-02
-1.4544481162476050e-03
-7.1731940568102642e-02
-1.4835645794889613e-03
-7.1589111975203581e-02
-1.5091358436639518e-03
-7.1397982829540768e-02
-1.5268241606995066e-03
-7.1169133092042536e-02
-1.5362854537574692e-03
-7.0913801922681097e-02
-1.5373667519536492e-03
-7.0643335277034286e-02
-1.5299855046904470e-03
-7.0369169040074078e-02
-1.5140888033451127e-03
-7.0102799949167335e-02
-1.4896453729463291e-03
-6.9855724490553606e-02
-1.4566871248515760e-03
-6.9639430688412024e-02
-1.4152740740116531e-03
-6.9464570600132627e-02
-1.3654812920939267e-03
-6.9363351599413717e-02
-1.3106221590951416e-03
-6.9303169943718546e-02
-1.2890316921669175e-03
-6.9202098979328511e-02
-1.3189163663384028e-03
-6.8982134483379545e-02
-1.3692627031301218e-03
-6.8628595934365016e-02
-1.4374351535986893e-03
-6.8113748966566454e-02
-1.5231546646081932e-03
-6.7410470927729366e-02
-1.6263292821494611e-03
-6.6491678960893738e-02
-1.7468836594608133e-03
-6.5330402553019987e-02
-1.8847389728309173e-03
-6.3899789678593721e-02
-2.0398117229462522e-03
-6.2173115875296711e-02
-2.2120157939355218e-03
-6.0123621753304386e-02
-2.4012543590055772e-03
-5.7719103602791394e-02
-2.6056003071667612e-03
-5.4998450468474097e-02
-2.8054640682524728e-03
-5.2032748160064334e-02
-3.1872817544584715e-03
-4.8183970292372480e-02
-3.8717245747209340e-03
-4.2945696258635140e-02
-4.6157161160428842e-03
-3.6512456380525388e-02
-5.0448486453432972e-03
-2.9577698124433605e-02
-5.1833414653878872e-03
-2.2503876297817249e-02
-5.0403301140155973e-03
-1.5713971779254210e-02
-4.6095978675787979e-03
-9.6381309467466758e-03
-3.8866097882169588e-03
-4.7116889723188031e-03
-2.8683697864027840e-03
-1.3589299268795035e-03
-1.5555741152016081e-03
-7.1951071268718650e-02
-5.4875243649240093e-04
-7.1960190181484543e-02
-7.2155932337404508e-04
-7.1957444794629996e-02
-9.1078994450976202e-04
-7.1943296822784247e-02
-1.0881675740976125e-03
-7.1921188206569842e-02
-1.2401155314450446e-03
-7.1894487966267420e-02
-1.3568439764746949e-03
-7.1864461596057486e-02
-1.4341303062626752e-03
-7.1837788359658442e-02
-1.4719462388943293e-03
-7.1815551180502271e-02
-1.4744812437903175e-03
-7.1801103073830252e-02
-1.4512582739270904e-03
-7.1797832612224458e-02
-1.4158817791982822e-03
-7.1809247423738023e-02
-1.3863774594003247e-03
-7.1833685435340855e-02
-1.4017447969725805e-03
0.0000000000000000e+00
0.0000000000000000e+00
-2.8261248720879502e-03
2.5682426726899225e-03
-8.7289777462001023e-03
4.2442370298284657e-03
-1.6351710996300915e-02
5.0911479664608955e-03
-2.4596058263833227e-02
5.2634209519666787e-03
-3.2574829678268587e-02
4.9186117712898504e-03
-3.9634513399920246e-02
4.2133040363327634e-03
-4.5353437320487779e-02
3.3001678924244274e-03
-4.9584865835956594e-02
2.3006820262838588e-03
-5.2055944974269734e-02
1.3654805434856218e-03
-5.3339477451695545e-02
8.4154421031590505e-04
-5.4291467586215815e-02
7.2388792685674466e-04
-5.5457943700790525e-02
7.8625885118038417e-04
-5.6789865547001564e-02
8.1312869561405582e-04
-5.8177979049855312e-02
8.2063122062085974e-04
-5.9600986532043022e-02
8.1033770007230314e-04
-6.1031445930655952e-02
7.8248465016147626e-04
-6.2442120496828284e-02
7.3704243150787168e-04
-6.3805635813950781e-02
6.7395087589881516e-04
-6.5094524806673312e-02
5.9314938022418716e-04
-6.6281242046376643e-02
4.9457668555717531e-04
-6.7338066328444093e-02
3.7815220254136691e-04
-6.8238385096079823e-02
2.4367966980629559e-04
-6.8929100592981282e-02
9.2655957278509797e-05
-6.9461176776663636e-02
-7.7586989123963134e-06
-6.9900567313511963e-02
-8.6657451572884602e-05
-7.0270377969945869e-02
-1.5655532020540907e-04
-7.0565233109240580e-02
-2.1818264451040569e-04
-7.0797508434587861e-02
-2.7138232271334343e-04
-7.0978517400290903e-02
-3.1610147097804205e-04
-7.1119746105685874e-02
-3.5224945931790625e-04
-7.1232755879860304e-02
-3.7983349951887358e-04
-7.1329055116373843e-02
-3.9888697602214639e-04
-7.1420111901044914e-02
-4.0946345593707731e-04
-7.1517319378564162e-02
-4.1167165032417912e-04
-7.1631702023863347e-02
-4.0577922775614223e-04
-7.1779912916957622e-02
-3.9438622895727966e-04
-4.5540722811767284e-02
2.6759573224951010e-03
-3.9974204772127722e-02
3.4140613144235180e-03
-3.3705546264238516e-02
3.8674191188183722e-03
-2.7074186867480646e-02
4.0778076342440394e-03
-2.0451403983210822e-02
4.0388296203058890e-03
-1.4191280113737619e-02
3.7439747381311770e-03
-8.6547450920903997e-03
3.1889567868638984e-03
-4.2045114163173029e-03
2.3707792673494502e-03
-1.1955596232249256e-03
1.2809901994496882e-03
0.0000000000000000e+00
0.0000000000000000e+00
-5.3256424168661297e-02
-1.2515698993829374e-03
-5.3531947177638844e-02
-8.7701941398742294e-04
-5.3689087177431281e-02
-2.0211790071724823e-05
-5.3721728493634706e-02
1.1322552275501987e-03
-5.3626432283244665e-02
2.3949925143178560e-03
-5.3400702114834032e-02
3.5796007604448803e-03
-5.3042395882154286e-02
4.4946008207847905e-03
-5.2549773061275160e-02
4.9451356581440096e-03
-5.1922610851505860e-02
4.7335044673637444e-03
-5.1163590751763521e-02
3.6443867913901890e-03
-2.6370183190801621e-03
-2.4325254058485918e-03
-7.9916651601268061e-03
-4.1046233513603887e-03
-1.5005392003713787e-02
-5.0084879952223401e-03
-2.2725992325290673e-02
-5.2844193987182167e-03
-3.0374327452439703e-02
-5.0660429461260072e-03
-3.7352355957277546e-02
-4.4868656702381614e-03
-4.3245604423399538e-02
-3.6798927414587422e-03
-4.7800720323716926e-02
-2.7778150253961664e-03
-5.0952710092720760e-02
-1.8123203692250196e-03
-5.3474873787774858e-02
3.7150897368220929e-03
-5.2908250641001575e-02
4.7781868601157731e-03
-5.2485767208507783e-02
4.9893947409238495e-03
-5.2202637847143893e-02
4.5382138478499909e-03
-5.2054910540356179e-02
3.6231058519023045e-03
-5.2039978047322667e-02
2.4384680651769407e-03
-5.2155617635029829e-02
1.1756537637588257e-03
-5.2399947611708513e-02
2.2805245787039602e-05
-5.2771922823987821e-02
-8.3499126433689069e-04
-5.3271698351222807e-02
-1.2173688533618106e-03
-6.9166062788057731e-02
-1.0677363863865758e-03
-6.8927153271572061e-02
-9.5253582281173608e-04
-6.8547291863380697e-02
-8.1800016211305360e-04
-6.7998994443398408e-02
-6.6400752943901345e-04
-6.7254299925262162e-02
-4.9062254653981256e-04
-6.6285401766537549e-02
-2.9791796909633879e-04
-6.5064607615950676e-02
-8.5972974458467473e-05
-6.3564349810921073e-02
1.4512751686796089e-04
-6.1757187278663875e-02
3.9528900517773839e-04
-5.9615531989046122e-02
6.6429993924415015e-04
-5.7119650720364741e-02
9.5593007584518768e-04
-5.5192461997827902e-02
-9.0682796809058656e-04
-5.6504819645456332e-02
-9.8468044949059442e-04
-5.7894592503354027e-02
-1.0466900233525940e-03
-5.9325151570069332e-02
-1.0896747149460465e-03
-6.0768939215441471e-02
-1.1132660299624582e-03
-6.2197895749465958e-02
-1.1173413603336967e-03
-6.3583909879247114e-02
-1.1018287827459594e-03
-6.4898773714475957e-02
-1.0666672261629344e-03
-6.6114181795493304e-02
-1.0118035933586657e-03
-6.7201800819033430e-02
-9.3721979249820658e-04
-6.8131716221203661e-02
-8.4283116438359370e-04
-6.8980717742069375e-02
-1.1255668948501269e-03
-6.9067626767919749e-02
-1.4305432396908124e-03
-6.9148007663393934e-02
-1.6231759324617566e-03
-6.9219752842242480e-02
-1.7164303668610321e-03
-6.9280687773382199e-02
-1.7243146007943548e-03
-6.9328630657949405e-02
-1.6641451865413140e-03
-6.9361399088947145e-02
-1.5564070820006004e-03
-6.9376815606758832e-02
-1.4247685608939154e-03
-6.9372740697580842e-02
-1.2960355423814848e-03
-6.9347306436365191e-02
-1.2013566550650807e-03
-6.9326486723693015e-02
-1.2152307224177939e-03
-6.9248340934775374e-02
-4.3324897033432765e-04
-5.2070029297150364e-02
2.7752674772570057e-03
-5.3273640651750741e-02
-1.2379048119694125e-03
-6.9225783338498187e-02
-9.4064831112605329e-04
-6.9314654312459881e-02
-1.1710112402458707e-03
-7.0900317387303152e-02
-4.2077176083245624e-04
-7.0231524014310459e-02
-1.3267264179171528e-03
-6.9307832694429486e-02
-1.2402810672729101e-03
-5.2337533703507140e-02
4.4017122125719439e-03
-5.3201131937814242e-02
-1.1598237650949303e-03
-6.9253999470821878e-02
-1.6897817018635152e-03
-6.9298971305928089e-02
-1.3587477129651266e-03
-6.9244997714870818e-02
-1.5492415835151750e-03
-5.2461534643588131e-02
5.0108657025042030e-03
-6.9289999455398543e-02
-1.4945057824153776e-03
-6.9236162079877747e-02
-1.3029607222897531e-03
-5.2991078671830463e-02
5.3790678741568148e-04
-5.3097047898956133e-02
-5.0400380354230089e-04
-5.2569371577655011e-02
4.8522097259761261e-03
-5.2675046464193361e-02
4.1307598212216301e-03
-5.2780480005912879e-02
3.0430927984688183e-03
-5.2885866145341583e-02
1.7822029460297635e-03
-6.9281001549846968e-02
-1.6191458998995579e-03
-6.9272000714905024e-02
-1.7074242405191471e-03
-6.9262999509708198e-02
-1.7372685795047551e-03
-7.0495455682097349e-02
-1.3408276040252597e-03
-7.1054452915837937e-02
-4.3406096334684349e-04
-7.0703394783458315e-02
-4.0743514723351931e-04
-6.9980039923744686e-02
-1.3111256941697577e-03
-2.5534119228656947e-03
-1.0295124081324903e-04
-5.1171341367544755e-03
-6.0024705144694527e-05
-7.0762390466478961e-02
-1.3539728303704950e-03
-7.1176750242110953e-02
-4.4679452998734045e-04
-7.0452701739753848e-02
-3.9375920449511478e-04
-6.9751161244523338e-02
-1.2947846148560875e-03
-6.4621522088662712e-03
-1.8334956327022093e-04
-1.1652367364279884e-02
-7.3902802964375449e-05
-7.1021167901857390e-02
-1.3665247593928692e-03
-7.1277287638202153e-02
-4.5876544029842503e-04
-1.2551203685402228e-03
-3.7671259158138436e-06
-5.2452649686462874e-04
-5.4070707137106780e-05
-7.0138090217483406e-02
-3.7975677264243666e-04
-6.9555909285828985e-02
-1.2779233490091981e-03
-1.1717251918567271e-02
-2.5622158010877303e-04
-1.9408124602490331e-02
-9.2643288590680718e-05
-7.1261206749020062e-02
-1.3785891201836100e-03
-7.1366559030126508e-02
-4.7001583882554787e-04
-6.8626401801808040e-02
-2.8695263005380713e-04
-6.9268822923111595e-02
-1.2171087650285914e-03
-6.9735214318275007e-02
-3.7203843838639478e-04
-6.9400641611615535e-02
-1.2584240973349174e-03
-7.1472119499633946e-02
-1.3901965434194739e-03
-7.1455055108231941e-02
-4.8059773040188728e-04
-1.7901249953432487e-02
-3.3140494939573048e-04
-2.7409392986675350e-02
-1.0124600060625787e-04
-6.7801898893851853e-02
-2.5875768989071192e-04
-6.9103861197294114e-02
-1.1912906977263602e-03
-6.6811891125624689e-02
-2.3301552220216957e-04
-6.8818097166493036e-02
-1.1650868358450874e-03
-6.5679212159633266e-02
-2.0734415332238472e-04
-6.8383606490811238e-02
-1.1391003052286393e-03
-7.1643676024959260e-02
-1.4012428313240157e-03
-7.1553172559377695e-02
-4.9047717480587476e-04
-6.4431045208077173e-02
-1.8145276056915025e-04
-6.7772883970966757e-02
-1.1136203637679271e-03
-2.4616215236450294e-02
-4.1315935804382502e-04
-3.4919797955252720e-02
-9.7210336110663782e-05
-7.1810872481726032e-02
-1.3791507389570455e-03
-7.1833383242354887e-02
-6.6084868867165737e-04
-6.3095059630327646e-02
-1.5544695554979595e-04
-6.6958641936791213e-02
-1.0887542369033359e-03
-6.1698897428167310e-02
-1.2944535998305075e-04
-6.5913716322163640e-02
-1.0645884573343312e-03
-7.1765623558648198e-02
-1.4115078451391841e-03
-7.1670758672656321e-02
-4.9930607501575406e-04
-5.3818655902130613e-02
7.2176836989297323e-05
-5.3661137451956734e-02
-1.1742239723808122e-03
-6.0270117273827216e-02
-1.0355943321365056e-04
-6.4611061161503003e-02
-1.0412001394084522e-03
-3.1475728068480396e-02
-5.0361792900069119e-04
-4.1416374418191272e-02
-8.2049010548068034e-05
-5.8836181853932787e-02
-7.7880666671228266e-05
-6.3023754252405431e-02
-1.0186579354661384e-03
-5.7424475559391557e-02
-5.2356803741915272e-05
-6.1124984393490130e-02
-9.9701458060971661e-04
-5.6212783475604260e-02
-9.4253787540840074e-04
-5.4746403383442319e-02
-8.6879336426017232e-07
-4.6579665422579131e-02
-5.6169801439363066e-05
-3.8102887001364362e-02
-6.0335711979140542e-04
-4.7175463820583859e-02
-7.7975008993839013e-04
-5.1715994861277446e-02
-4.3319439817534494e-05
-7.1813355327020906e-02
-1.4033864157592258e-03
-7.1836615557307429e-02
-8.4967154594976866e-04
-5.6054217395747376e-02
-3.0403205707459195e-05
-5.8873505508468142e-02
-9.6966016660444444e-04
-7.1815817859206488e-02
-1.4406838405124391e-03
-7.1834862094568797e-02
-1.0345798556854330e-03
-4.9549314317663622e-02
-4.8054645350150202e-04
-4.2888365255151238e-02
2.4692265920929167e-05
-7.1832070306837234e-02
-1.1978032072425863e-03
-7.1818569106250285e-02
-1.4708520246883511e-03
-7.1828917510564375e-02
-1.3281195960244585e-03
-7.1821530759433691e-02
-1.4784088541916300e-03
-7.1824716149724799e-02
-1.4527732413710747e-03
-7.1835503319401833e-02
-1.4015525483685636e-03
-7.1814746219913767e-02
-1.4060203784134492e-03
-7.1813999101091916e-02
-5.1398122119396608e-04
-5.3178571158728330e-02
-2.4441512153884962e-04
-5.1349800365585299e-02
-3.6291178234805331e-04
