Number of nodes 325 
     0 :  2.0000000e+00  3.6000000e+01 
     1 :  1.8000000e+01  3.6000000e+01 
     2 :  1.8000000e+01  5.3000000e+01 
     3 :  2.0000000e+00  5.3000000e+01 
     4 :  0.0000000e+00  5.5000000e+01 
     5 :  0.0000000e+00  0.0000000e+00 
     6 :  2.0000000e+01  5.5000000e+01 
     7 :  2.0000000e+00  0.0000000e+00 
     8 :  2.0000000e+01  0.0000000e+00 
     9 :  2.0000000e+00  1.4000000e+01 
    10 :  1.8000000e+01  0.0000000e+00 
    11 :  1.8000000e+01  1.4000000e+01 
    12 :  2.0000000e+00  1.6000000e+01 
    13 :  1.8000000e+01  1.6000000e+01 
    14 :  2.0000000e+00  3.4000000e+01 
    15 :  1.8000000e+01  3.4000000e+01 
    16 :  3.4545455e+00  3.6000000e+01 
    17 :  4.9090909e+00  3.6000000e+01 
    18 :  6.3636364e+00  3.6000000e+01 
    19 :  7.8181818e+00  3.6000000e+01 
    20 :  9.2727273e+00  3.6000000e+01 
    21 :  1.0727273e+01  3.6000000e+01 
    22 :  1.2181818e+01  3.6000000e+01 
    23 :  1.3636364e+01  3.6000000e+01 
    24 :  1.5090909e+01  3.6000000e+01 
    25 :  1.6545455e+01  3.6000000e+01 
    26 :  1.8000000e+01  3.7416667e+01 
    27 :  1.8000000e+01  3.8833333e+01 
    28 :  1.8000000e+01  4.0250000e+01 
    29 :  1.8000000e+01  4.1666667e+01 
    30 :  1.8000000e+01  4.3083333e+01 
    31 :  1.8000000e+01  4.4500000e+01 
    32 :  1.8000000e+01  4.5916667e+01 
    33 :  1.8000000e+01  4.7333333e+01 
    34 :  1.8000000e+01  4.8750000e+01 
    35 :  1.8000000e+01  5.0166667e+01 
    36 :  1.8000000e+01  5.1583333e+01 
    37 :  1.6545455e+01  5.3000000e+01 
    38 :  1.5090909e+01  5.3000000e+01 
    39 :  1.3636364e+01  5.3000000e+01 
    40 :  1.2181818e+01  5.3000000e+01 
    41 :  1.0727273e+01  5.3000000e+01 
    42 :  9.2727273e+00  5.3000000e+01 
    43 :  7.8181818e+00  5.3000000e+01 
    44 :  6.3636364e+00  5.3000000e+01 
    45 :  4.9090909e+00  5.3000000e+01 
    46 :  3.4545455e+00  5.3000000e+01 
    47 :  2.0000000e+00  5.1583333e+01 
    48 :  2.0000000e+00  5.0166667e+01 
    49 :  2.0000000e+00  4.8750000e+01 
    50 :  2.0000000e+00  4.7333333e+01 
    51 :  2.0000000e+00  4.5916667e+01 
    52 :  2.0000000e+00  4.4500000e+01 
    53 :  2.0000000e+00  4.3083333e+01 
    54 :  2.0000000e+00  4.1666667e+01 
    55 :  2.0000000e+00  4.0250000e+01 
    56 :  2.0000000e+00  3.8833333e+01 
    57 :  2.0000000e+00  3.7416667e+01 
    58 :  0.0000000e+00  5.3513514e+01 
    59 :  0.0000000e+00  5.2027027e+01 
    60 :  0.0000000e+00  5.0540541e+01 
    61 :  0.0000000e+00  4.9054054e+01 
    62 :  0.0000000e+00  4.7567568e+01 
    63 :  0.0000000e+00  4.6081081e+01 
    64 :  0.0000000e+00  4.4594595e+01 
    65 :  0.0000000e+00  4.3108108e+01 
    66 :  0.0000000e+00  4.1621622e+01 
    67 :  0.0000000e+00  4.0135135e+01 
    68 :  0.0000000e+00  3.8648649e+01 
    69 :  0.0000000e+00  3.7162162e+01 
    70 :  0.0000000e+00  3.5675676e+01 
    71 :  0.0000000e+00  3.4189189e+01 
    72 :  0.0000000e+00  3.2702703e+01 
    73 :  0.0000000e+00  3.1216216e+01 
    74 :  0.0000000e+00  2.9729730e+01 
    75 :  0.0000000e+00  2.8243243e+01 
    76 :  0.0000000e+00  2.6756757e+01 
    77 :  0.0000000e+00  2.5270270e+01 
    78 :  0.0000000e+00  2.3783784e+01 
    79 :  0.0000000e+00  2.2297297e+01 
    80 :  0.0000000e+00  2.0810811e+01 
    81 :  0.0000000e+00  1.9324324e+01 
    82 :  0.0000000e+00  1.7837838e+01 
    83 :  0.0000000e+00  1.6351351e+01 
    84 :  0.0000000e+00  1.4864865e+01 
    85 :  0.0000000e+00  1.3378378e+01 
    86 :  0.0000000e+00  1.1891892e+01 
    87 :  0.0000000e+00  1.0405405e+01 
    88 :  0.0000000e+00  8.9189189e+00 
    89 :  0.0000000e+00  7.4324324e+00 
    90 :  0.0000000e+00  5.9459459e+00 
    91 :  0.0000000e+00  4.4594595e+00 
    92 :  0.0000000e+00  2.9729730e+00 
    93 :  0.0000000e+00  1.4864865e+00 
    94 :  1.8571429e+01  5.5000000e+01 
    95 :  1.7142857e+01  5.5000000e+01 
    96 :  1.5714286e+01  5.5000000e+01 
    97 :  1.4285714e+01  5.5000000e+01 
    98 :  1.2857143e+01  5.5000000e+01 
    99 :  1.1428571e+01  5.5000000e+01 
   100 :  1.0000000e+01  5.5000000e+01 
   101 :  8.5714286e+00  5.5000000e+01 
   102 :  7.1428571e+00  5.5000000e+01 
   103 :  5.7142857e+00  5.5000000e+01 
   104 :  4.2857143e+00  5.5000000e+01 
   105 :  2.8571429e+00  5.5000000e+01 
   106 :  1.4285714e+00  5.5000000e+01 
   107 :  1.0000000e+00  0.0000000e+00 
   108 :  2.0000000e+01  1.4864865e+00 
   109 :  2.0000000e+01  2.9729730e+00 
   110 :  2.0000000e+01  4.4594595e+00 
   111 :  2.0000000e+01  5.9459459e+00 
   112 :  2.0000000e+01  7.4324324e+00 
   113 :  2.0000000e+01  8.9189189e+00 
   114 :  2.0000000e+01  1.0405405e+01 
   115 :  2.0000000e+01  1.1891892e+01 
   116 :  2.0000000e+01  1.3378378e+01 
   117 :  2.0000000e+01  1.4864865e+01 
   118 :  2.0000000e+01  1.6351351e+01 
   119 :  2.0000000e+01  1.7837838e+01 
   120 :  2.0000000e+01  1.9324324e+01 
   121 :  2.0000000e+01  2.0810811e+01 
   122 :  2.0000000e+01  2.2297297e+01 
   123 :  2.0000000e+01  2.3783784e+01 
   124 :  2.0000000e+01  2.5270270e+01 
   125 :  2.0000000e+01  2.6756757e+01 
   126 :  2.0000000e+01  2.8243243e+01 
   127 :  2.0000000e+01  2.9729730e+01 
   128 :  2.0000000e+01  3.1216216e+01 
   129 :  2.0000000e+01  3.2702703e+01 
   130 :  2.0000000e+01  3.4189189e+01 
   131 :  2.0000000e+01  3.5675676e+01 
   132 :  2.0000000e+01  3.7162162e+01 
   133 :  2.0000000e+01  3.8648649e+01 
   134 :  2.0000000e+01  4.0135135e+01 
   135 :  2.0000000e+01  4.1621622e+01 
   136 :  2.0000000e+01  4.3108108e+01 
   137 :  2.0000000e+01  4.4594595e+01 
   138 :  2.0000000e+01  4.6081081e+01 
   139 :  2.0000000e+01  4.7567568e+01 
   140 :  2.0000000e+01  4.9054054e+01 
   141 :  2.0000000e+01  5.0540541e+01 
   142 :  2.0000000e+01  5.2027027e+01 
   143 :  2.0000000e+01  5.3513514e+01 
   144 :  2.0000000e+00  1.2600000e+01 
   145 :  2.0000000e+00  1.1200000e+01 
   146 :  2.0000000e+00  9.8000000e+00 
   147 :  2.0000000e+00  8.4000000e+00 
   148 :  2.0000000e+00  7.0000000e+00 
   149 :  2.0000000e+00  5.6000000e+00 
   150 :  2.0000000e+00  4.2000000e+00 
   151 :  2.0000000e+00  2.8000000e+00 
   152 :  2.0000000e+00  1.4000000e+00 
   153 :  1.9000000e+01  0.0000000e+00 
   154 :  1.6545455e+01  1.4000000e+01 
   155 :  1.5090909e+01  1.4000000e+01 
   156 :  1.3636364e+01  1.4000000e+01 
   157 :  1.2181818e+01  1.4000000e+01 
   158 :  1.0727273e+01  1.4000000e+01 
   159 :  9.2727273e+00  1.4000000e+01 
   160 :  7.8181818e+00  1.4000000e+01 
   161 :  6.3636364e+00  1.4000000e+01 
   162 :  4.9090909e+00  1.4000000e+01 
   163 :  3.4545455e+00  1.4000000e+01 
   164 :  1.8000000e+01  1.4000000e+00 
   165 :  1.8000000e+01  2.8000000e+00 
   166 :  1.8000000e+01  4.2000000e+00 
   167 :  1.8000000e+01  5.6000000e+00 
   168 :  1.8000000e+01  7.0000000e+00 
   169 :  1.8000000e+01  8.4000000e+00 
   170 :  1.8000000e+01  9.8000000e+00 
   171 :  1.8000000e+01  1.1200000e+01 
   172 :  1.8000000e+01  1.2600000e+01 
   173 :  3.4545455e+00  1.6000000e+01 
   174 :  4.9090909e+00  1.6000000e+01 
   175 :  6.3636364e+00  1.6000000e+01 
   176 :  7.8181818e+00  1.6000000e+01 
   177 :  9.2727273e+00  1.6000000e+01 
   178 :  1.0727273e+01  1.6000000e+01 
   179 :  1.2181818e+01  1.6000000e+01 
   180 :  1.3636364e+01  1.6000000e+01 
   181 :  1.5090909e+01  1.6000000e+01 
   182 :  1.6545455e+01  1.6000000e+01 
   183 :  2.0000000e+00  3.2500000e+01 
   184 :  2.0000000e+00  3.1000000e+01 
   185 :  2.0000000e+00  2.9500000e+01 
   186 :  2.0000000e+00  2.8000000e+01 
   187 :  2.0000000e+00  2.6500000e+01 
   188 :  2.0000000e+00  2.5000000e+01 
   189 :  2.0000000e+00  2.3500000e+01 
   190 :  2.0000000e+00  2.2000000e+01 
   191 :  2.0000000e+00  2.0500000e+01 
   192 :  2.0000000e+00  1.9000000e+01 
   193 :  2.0000000e+00  1.7500000e+01 
   194 :  1.8000000e+01  1.7500000e+01 
   195 :  1.8000000e+01  1.9000000e+01 
   196 :  1.8000000e+01  2.0500000e+01 
   197 :  1.8000000e+01  2.2000000e+01 
   198 :  1.8000000e+01  2.3500000e+01 
   199 :  1.8000000e+01  2.5000000e+01 
   200 :  1.8000000e+01  2.6500000e+01 
   201 :  1.8000000e+01  2.8000000e+01 
   202 :  1.8000000e+01  2.9500000e+01 
   203 :  1.8000000e+01  3.1000000e+01 
   204 :  1.8000000e+01  3.2500000e+01 
   205 :  1.6545455e+01  3.4000000e+01 
   206 :  1.5090909e+01  3.4000000e+01 
   207 :  1.3636364e+01  3.4000000e+01 
   208 :  1.2181818e+01  3.4000000e+01 
   209 :  1.0727273e+01  3.4000000e+01 
   210 :  9.2727273e+00  3.4000000e+01 
   211 :  7.8181818e+00  3.4000000e+01 
   212 :  6.3636364e+00  3.4000000e+01 
   213 :  4.9090909e+00  3.4000000e+01 
   214 :  3.4545455e+00  3.4000000e+01 
   215 :  1.2485511e+00  3.5002735e+01 
   216 :  1.8751449e+01  3.5002735e+01 
   217 :  2.6781470e+00  1.4896916e+01 
   218 :  1.7321853e+01  1.4896916e+01 
   219 :  1.7276757e+01  3.5000456e+01 
   220 :  2.7232434e+00  3.5000456e+01 
   221 :  1.8995989e+01  4.2371622e+01 
   222 :  1.0040112e+00  4.2371622e+01 
   223 :  4.1811466e+00  3.5000076e+01 
   224 :  4.1736306e+00  1.4982819e+01 
   225 :  1.5826369e+01  1.4982819e+01 
   226 :  1.2909091e+01  3.5000000e+01 
   227 :  5.6362517e+00  3.5000013e+01 
   228 :  1.4363636e+01  3.5000000e+01 
   229 :  5.6349990e+00  1.4997137e+01 
   230 :  7.0908904e+00  3.5000002e+01 
   231 :  1.5818853e+01  3.5000076e+01 
   232 :  1.2909091e+01  1.5000000e+01 
   233 :  1.4365001e+01  1.4997137e+01 
   234 :  7.0906817e+00  1.4999523e+01 
   235 :  8.5454166e+00  1.4999920e+01 
   236 :  9.9999937e+00  1.4999987e+01 
   237 :  1.1454544e+01  1.4999998e+01 
   238 :  8.5454514e+00  3.5000000e+01 
   239 :  9.9999995e+00  3.5000000e+01 
   240 :  1.1454545e+01  3.5000000e+01 
   241 :  1.0058794e+00  4.3810998e+01 
   242 :  1.8994121e+01  4.3810998e+01 
   243 :  1.8993101e+01  4.0931119e+01 
   244 :  1.0068990e+00  4.0931119e+01 
   245 :  1.0156119e+00  2.1725616e+00 
   246 :  1.8984388e+01  2.1725616e+00 
   247 :  1.0095586e+00  4.5254723e+01 
   248 :  1.8990441e+01  4.5254723e+01 
   249 :  1.8989370e+01  3.9487206e+01 
   250 :  1.0106302e+00  3.9487206e+01 
   251 :  1.0149322e+00  3.5841657e+00 
   252 :  1.8985068e+01  3.5841657e+00 
   253 :  1.0131334e+00  4.6699173e+01 
   254 :  1.8986867e+01  4.6699173e+01 
   255 :  1.8991986e+01  9.9620450e-01 
   256 :  1.0080143e+00  9.9620450e-01 
   257 :  1.8985904e+01  3.8042725e+01 
   258 :  1.0140957e+00  3.8042725e+01 
   259 :  1.0176823e+00  5.0149285e+00 
   260 :  1.8982318e+01  5.0149285e+00 
   261 :  1.0162845e+00  4.8143744e+01 
   262 :  1.8983716e+01  4.8143744e+01 
   263 :  1.9027852e+01  3.3426413e+01 
   264 :  9.7214757e-01  3.3426413e+01 
   265 :  1.8956226e+01  3.6549994e+01 
   266 :  1.0437745e+00  3.6549994e+01 
   267 :  1.0189588e+00  4.9588334e+01 
   268 :  1.8981041e+01  4.9588334e+01 
   269 :  1.0203807e+00  6.4488845e+00 
   270 :  1.8979619e+01  6.4488845e+00 
   271 :  1.9040072e+01  3.1922176e+01 
   272 :  9.5992842e-01  3.1922176e+01 
   273 :  1.9043176e+01  3.0431882e+01 
   274 :  9.5682393e-01  3.0431882e+01 
   275 :  1.9045453e+01  2.8942774e+01 
   276 :  9.5454699e-01  2.8942774e+01 
   277 :  1.0211474e+00  5.1032928e+01 
   278 :  1.8978853e+01  5.1032928e+01 
   279 :  1.9047607e+01  2.7453766e+01 
   280 :  9.5239290e-01  2.7453766e+01 
   281 :  1.0224472e+00  7.8833726e+00 
   282 :  1.8977553e+01  7.8833726e+00 
   283 :  2.4035488e+00  5.3967962e+01 
   284 :  1.7596451e+01  5.3967962e+01 
   285 :  1.9049698e+01  2.5964767e+01 
   286 :  9.5030174e-01  2.5964767e+01 
   287 :  1.9051732e+01  2.4475768e+01 
   288 :  9.4826842e-01  2.4475768e+01 
   289 :  1.0217920e+00  5.2473407e+01 
   290 :  1.8978208e+01  5.2473407e+01 
   291 :  1.9181796e+01  1.5669542e+01 
   292 :  8.1820434e-01  1.5669542e+01 
   293 :  1.9053707e+01  2.2986770e+01 
   294 :  9.4629251e-01  2.2986770e+01 
   295 :  1.0237850e+00  9.3179495e+00 
   296 :  1.8976215e+01  9.3179495e+00 
   297 :  1.9055626e+01  2.1497772e+01 
   298 :  9.4437396e-01  2.1497772e+01 
   299 :  1.9057487e+01  2.0008774e+01 
   300 :  9.4251278e-01  2.0008774e+01 
   301 :  9.5399583e-01  1.6989969e+01 
   302 :  1.9046004e+01  1.6989969e+01 
   303 :  1.8975622e+01  1.0752541e+01 
   304 :  1.0243781e+00  1.0752541e+01 
   305 :  1.0167428e+00  1.3025294e+01 
   306 :  1.8983257e+01  1.3025294e+01 
   307 :  3.8183404e+00  5.4015575e+01 
   308 :  1.6181660e+01  5.4015575e+01 
   309 :  1.9054953e+01  1.8510879e+01 
   310 :  9.4504655e-01  1.8510879e+01 
   311 :  5.2532732e+00  5.4023679e+01 
   312 :  1.4746727e+01  5.4023679e+01 
   313 :  1.8791776e+01  1.1893945e+01 
   314 :  1.2082242e+00  1.1893945e+01 
   315 :  1.3308437e+01  5.4025142e+01 
   316 :  6.6915628e+00  5.4025142e+01 
   317 :  1.1869588e+01  5.4025442e+01 
   318 :  8.1304120e+00  5.4025442e+01 
   319 :  9.5693544e+00  5.4025492e+01 
   320 :  1.0717623e+01  5.4186564e+01 
   321 :  1.1423187e+00  5.3825814e+01 
   322 :  1.8857681e+01  5.3825814e+01 
   323 :  1.8851896e+01  1.4500325e+01 
   324 :  1.1481039e+00  1.4500325e+01 
Number of edges 215 
     0 :      0     16 
     1 :     16     17 
     2 :     17     18 
     3 :     18     19 
     4 :     19     20 
     5 :     20     21 
     6 :     21     22 
     7 :     22     23 
     8 :     23     24 
     9 :     24     25 
    10 :     25      1 
    11 :      1     26 
    12 :     26     27 
    13 :     27     28 
    14 :     28     29 
    15 :     29     30 
    16 :     30     31 
    17 :     31     32 
    18 :     32     33 
    19 :     33     34 
    20 :     34     35 
    21 :     35     36 
    22 :     36      2 
    23 :      2     37 
    24 :     37     38 
    25 :     38     39 
    26 :     39     40 
    27 :     40     41 
    28 :     41     42 
    29 :     42     43 
    30 :     43     44 
    31 :     44     45 
    32 :     45     46 
    33 :     46      3 
    34 :      3     47 
    35 :     47     48 
    36 :     48     49 
    37 :     49     50 
    38 :     50     51 
    39 :     51     52 
    40 :     52     53 
    41 :     53     54 
    42 :     54     55 
    43 :     55     56 
    44 :     56     57 
    45 :     57      0 
    46 :      4     58 
    47 :     58     59 
    48 :     59     60 
    49 :     60     61 
    50 :     61     62 
    51 :     62     63 
    52 :     63     64 
    53 :     64     65 
    54 :     65     66 
    55 :     66     67 
    56 :     67     68 
    57 :     68     69 
    58 :     69     70 
    59 :     70     71 
    60 :     71     72 
    61 :     72     73 
    62 :     73     74 
    63 :     74     75 
    64 :     75     76 
    65 :     76     77 
    66 :     77     78 
    67 :     78     79 
    68 :     79     80 
    69 :     80     81 
    70 :     81     82 
    71 :     82     83 
    72 :     83     84 
    73 :     84     85 
    74 :     85     86 
    75 :     86     87 
    76 :     87     88 
    77 :     88     89 
    78 :     89     90 
    79 :     90     91 
    80 :     91     92 
    81 :     92     93 
    82 :     93      5 
    83 :      6     94 
    84 :     94     95 
    85 :     95     96 
    86 :     96     97 
    87 :     97     98 
    88 :     98     99 
    89 :     99    100 
    90 :    100    101 
    91 :    101    102 
    92 :    102    103 
    93 :    103    104 
    94 :    104    105 
    95 :    105    106 
    96 :    106      4 
    97 :      5    107 
    98 :    107      7 
    99 :      8    108 
   100 :    108    109 
   101 :    109    110 
   102 :    110    111 
   103 :    111    112 
   104 :    112    113 
   105 :    113    114 
   106 :    114    115 
   107 :    115    116 
   108 :    116    117 
   109 :    117    118 
   110 :    118    119 
   111 :    119    120 
   112 :    120    121 
   113 :    121    122 
   114 :    122    123 
   115 :    123    124 
   116 :    124    125 
   117 :    125    126 
   118 :    126    127 
   119 :    127    128 
   120 :    128    129 
   121 :    129    130 
   122 :    130    131 
   123 :    131    132 
   124 :    132    133 
   125 :    133    134 
   126 :    134    135 
   127 :    135    136 
   128 :    136    137 
   129 :    137    138 
   130 :    138    139 
   131 :    139    140 
   132 :    140    141 
   133 :    141    142 
   134 :    142    143 
   135 :    143      6 
   136 :      9    144 
   137 :    144    145 
   138 :    145    146 
   139 :    146    147 
   140 :    147    148 
   141 :    148    149 
   142 :    149    150 
   143 :    150    151 
   144 :    151    152 
   145 :    152      7 
   146 :     10    153 
   147 :    153      8 
   148 :     11    154 
   149 :    154    155 
   150 :    155    156 
   151 :    156    157 
   152 :    157    158 
   153 :    158    159 
   154 :    159    160 
   155 :    160    161 
   156 :    161    162 
   157 :    162    163 
   158 :    163      9 
   159 :     10    164 
   160 :    164    165 
   161 :    165    166 
   162 :    166    167 
   163 :    167    168 
   164 :    168    169 
   165 :    169    170 
   166 :    170    171 
   167 :    171    172 
   168 :    172     11 
   169 :     12    173 
   170 :    173    174 
   171 :    174    175 
   172 :    175    176 
   173 :    176    177 
   174 :    177    178 
   175 :    178    179 
   176 :    179    180 
   177 :    180    181 
   178 :    181    182 
   179 :    182     13 
   180 :     14    183 
   181 :    183    184 
   182 :    184    185 
   183 :    185    186 
   184 :    186    187 
   185 :    187    188 
   186 :    188    189 
   187 :    189    190 
   188 :    190    191 
   189 :    191    192 
   190 :    192    193 
   191 :    193     12 
   192 :     13    194 
   193 :    194    195 
   194 :    195    196 
   195 :    196    197 
   196 :    197    198 
   197 :    198    199 
   198 :    199    200 
   199 :    200    201 
   200 :    201    202 
   201 :    202    203 
   202 :    203    204 
   203 :    204     15 
   204 :     15    205 
   205 :    205    206 
   206 :    206    207 
   207 :    207    208 
   208 :    208    209 
   209 :    209    210 
   210 :    210    211 
   211 :    211    212 
   212 :    212    213 
   213 :    213    214 
   214 :    214     14 
Number of triangles 437 
     0 :    218    323     13
     1 :     12    324    217
     2 :     13    323    291
     3 :    292    324     12
     4 :    107    256      5
     5 :      8    255    153
     6 :     11    323    218
     7 :    217    324      9
     8 :    153    255     10
     9 :      7    256    107
    10 :      5    256     93
    11 :    108    255      8
    12 :     10    255    164
    13 :    152    256      7
    14 :     41    320    319
    15 :     41    319     42
    16 :    317    320     41
    17 :     42    319    318
    18 :     40    317     41
    19 :     42    318     43
    20 :    119    309    302
    21 :    301    310     82
    22 :    315    317     40
    23 :     43    318    316
    24 :    302    309    194
    25 :    193    310    301
    26 :     86    314    305
    27 :    306    313    115
    28 :     39    315     40
    29 :     43    316     44
    30 :    215    266     70
    31 :    131    265    216
    32 :     94    322      6
    33 :      4    321    106
    34 :    216    265      1
    35 :      0    266    215
    36 :    115    313    303
    37 :    304    314     86
    38 :     86    305     85
    39 :    116    306    115
    40 :    312    315     39
    41 :     44    316    311
    42 :     38    312     39
    43 :     44    311     45
    44 :    115    303    114
    45 :     87    304     86
    46 :      2    284     37
    47 :     46    283      3
    48 :    308    312     38
    49 :     45    311    307
    50 :     37    308     38
    51 :     45    307     46
    52 :    284    308     37
    53 :     46    307    283
    54 :      6    322    143
    55 :     58    321      4
    56 :    114    303    296
    57 :    295    304     87
    58 :    114    296    113
    59 :     88    295     87
    60 :    215    220      0
    61 :      1    219    216
    62 :     14    220    215
    63 :    113    282    112
    64 :     89    281     88
    65 :    143    290    142
    66 :     59    289     58
    67 :    113    296    282
    68 :    281    295     88
    69 :    216    219     15
    70 :    143    322    290
    71 :    289    321     58
    72 :    142    278    141
    73 :     60    277     59
    74 :    112    270    111
    75 :     90    269     89
    76 :    142    290    278
    77 :    277    289     59
    78 :    112    282    270
    79 :    269    281     89
    80 :    119    302    118
    81 :     83    301     82
    82 :    141    268    140
    83 :     61    267     60
    84 :    111    260    110
    85 :     91    259     90
    86 :    194    309    195
    87 :    192    310    193
    88 :    141    278    268
    89 :    267    277     60
    90 :     70    266     69
    91 :    132    265    131
    92 :    191    300    192
    93 :    195    299    196
    94 :    300    310    192
    95 :    195    309    299
    96 :    190    298    191
    97 :    196    297    197
    98 :    140    262    139
    99 :     62    261     61
   100 :    298    300    191
   101 :    196    299    297
   102 :    189    294    190
   103 :    197    293    198
   104 :    294    298    190
   105 :    197    297    293
   106 :    111    270    260
   107 :    259    269     90
   108 :    188    288    189
   109 :    198    287    199
   110 :     14    264    183
   111 :    204    263     15
   112 :    288    294    189
   113 :    198    293    287
   114 :    187    286    188
   115 :    199    285    200
   116 :     92    251     91
   117 :    110    252    109
   118 :     69    258     68
   119 :    133    257    132
   120 :    286    288    188
   121 :    199    287    285
   122 :    186    280    187
   123 :    200    279    201
   124 :    140    268    262
   125 :    261    267     61
   126 :    185    276    186
   127 :    201    275    202
   128 :    280    286    187
   129 :    200    285    279
   130 :    139    254    138
   131 :     63    253     62
   132 :    184    274    185
   133 :    202    273    203
   134 :    276    280    186
   135 :    201    279    275
   136 :    131    216    130
   137 :     71    215     70
   138 :    183    272    184
   139 :    203    271    204
   140 :    274    276    185
   141 :    202    275    273
   142 :    264    272    183
   143 :    204    271    263
   144 :     11    218    154
   145 :    272    274    184
   146 :    203    273    271
   147 :     68    250     67
   148 :    134    249    133
   149 :     69    266    258
   150 :    257    265    132
   151 :     93    245     92
   152 :    109    246    108
   153 :    215    264     14
   154 :     15    263    216
   155 :    138    248    137
   156 :     64    247     63
   157 :      0    220     16
   158 :    163    217      9
   159 :    110    260    252
   160 :    251    259     91
   161 :    139    262    254
   162 :    253    261     62
   163 :     85    324     84
   164 :    117    323    116
   165 :     25    219      1
   166 :    216    263    130
   167 :     71    264    215
   168 :     67    244     66
   169 :    135    243    134
   170 :    182    225    218
   171 :    182    218     13
   172 :    218    225    154
   173 :    137    242    136
   174 :     65    241     64
   175 :    214    220     14
   176 :    220    223     16
   177 :    214    223    220
   178 :     29    221     30
   179 :     53    222     54
   180 :     68    258    250
   181 :    249    257    133
   182 :    179    237    232
   183 :    238    239     20
   184 :    232    237    157
   185 :    207    228    226
   186 :     22    240    226
   187 :    211    238    230
   188 :    234    235    176
   189 :    209    240    239
   190 :    210    239    238
   191 :     16    223     17
   192 :    174    229    175
   193 :    229    234    175
   194 :    175    234    176
   195 :    227    230     18
   196 :    173    224    174
   197 :     17    227     18
   198 :    206    228    207
   199 :    230    238     19
   200 :    226    240    208
   201 :     22    226     23
   202 :     25    231    219
   203 :    176    235    177
   204 :    213    227    223
   205 :     12    217    173
   206 :     18    230     19
   207 :    177    236    178
   208 :    207    226    208
   209 :    178    237    179
   210 :    236    237    178
   211 :    211    230    212
   212 :    232    233    180
   213 :    223    227     17
   214 :    156    233    232
   215 :    235    236    177
   216 :     24    231     25
   217 :    155    233    156
   218 :    180    233    181
   219 :    219    231    205
   220 :    224    229    174
   221 :    179    232    180
   222 :    209    239    210
   223 :     19    238     20
   224 :    181    233    225
   225 :    208    240    209
   226 :     20    239     21
   227 :    156    232    157
   228 :    212    230    227
   229 :    154    225    155
   230 :    225    233    155
   231 :    181    225    182
   232 :     15    219    205
   233 :    213    223    214
   234 :    158    236    159
   235 :    162    224    163
   236 :    163    224    217
   237 :     23    228     24
   238 :    160    234    161
   239 :    212    227    213
   240 :    226    228     23
   241 :    161    234    229
   242 :    217    224    173
   243 :    205    231    206
   244 :    160    235    234
   245 :    161    229    162
   246 :     21    240     22
   247 :    158    237    236
   248 :    159    236    235
   249 :    210    238    211
   250 :    239    240     21
   251 :    162    229    224
   252 :    157    237    158
   253 :    159    235    160
   254 :    228    231     24
   255 :    206    231    228
   256 :     66    222     65
   257 :    136    221    135
   258 :     52    241     53
   259 :     30    242     31
   260 :    138    254    248
   261 :    247    253     63
   262 :     28    243     29
   263 :     54    244     55
   264 :    245    251     92
   265 :    109    252    246
   266 :    164    246    165
   267 :    151    245    152
   268 :    221    242     30
   269 :     53    241    222
   270 :     29    243    221
   271 :    222    244     54
   272 :     51    247     52
   273 :     31    248     32
   274 :     27    249     28
   275 :     55    250     56
   276 :     67    250    244
   277 :    243    249    134
   278 :     52    247    241
   279 :    242    248     31
   280 :    150    251    151
   281 :    165    252    166
   282 :    137    248    242
   283 :    241    247     64
   284 :     50    253     51
   285 :     32    254     33
   286 :     28    249    243
   287 :    244    250     55
   288 :     26    257     27
   289 :     56    258     57
   290 :     72    264     71
   291 :    130    263    129
   292 :    248    254     32
   293 :     51    253    247
   294 :    151    251    245
   295 :    246    252    165
   296 :     49    261     50
   297 :     33    262     34
   298 :    149    259    150
   299 :    166    260    167
   300 :    263    271    129
   301 :     72    272    264
   302 :     57    266      0
   303 :      1    265     26
   304 :     27    257    249
   305 :    250    258     56
   306 :    221    243    135
   307 :     66    244    222
   308 :     13    302    194
   309 :    193    301     12
   310 :    222    241     65
   311 :    136    242    221
   312 :     48    267     49
   313 :     34    268     35
   314 :    129    271    128
   315 :     73    272     72
   316 :    148    269    149
   317 :    167    270    168
   318 :     50    261    253
   319 :    254    262     33
   320 :     74    274     73
   321 :    128    273    127
   322 :     75    276     74
   323 :    127    275    126
   324 :    271    273    128
   325 :     73    274    272
   326 :    150    259    251
   327 :    252    260    166
   328 :    258    266     57
   329 :     26    265    257
   330 :     95    284     94
   331 :    106    283    105
   332 :    126    279    125
   333 :     76    280     75
   334 :    273    275    127
   335 :     74    276    274
   336 :     35    278     36
   337 :     47    277     48
   338 :     84    292     83
   339 :    118    291    117
   340 :    125    285    124
   341 :     77    286     76
   342 :    275    279    126
   343 :     75    280    276
   344 :    147    281    148
   345 :    168    282    169
   346 :    124    287    123
   347 :     78    288     77
   348 :    279    285    125
   349 :     76    286    280
   350 :    123    293    122
   351 :     79    294     78
   352 :     77    288    286
   353 :    285    287    124
   354 :    262    268     34
   355 :     49    267    261
   356 :    283    307    105
   357 :     95    308    284
   358 :    122    297    121
   359 :     80    298     79
   360 :      3    289     47
   361 :     36    290      2
   362 :     78    294    288
   363 :    287    293    123
   364 :    121    299    120
   365 :     81    300     80
   366 :    146    295    147
   367 :    169    296    170
   368 :    293    297    122
   369 :     79    298    294
   370 :    120    309    119
   371 :     82    310     81
   372 :     96    308     95
   373 :    105    307    104
   374 :     97    312     96
   375 :    104    311    103
   376 :     80    300    298
   377 :    297    299    121
   378 :    260    270    167
   379 :    149    269    259
   380 :     98    315     97
   381 :    103    316    102
   382 :    102    318    101
   383 :     99    317     98
   384 :    101    319    100
   385 :    100    320     99
   386 :     81    310    300
   387 :    299    309    120
   388 :    170    303    171
   389 :    145    304    146
   390 :    172    306     11
   391 :      9    305    144
   392 :    171    313    172
   393 :    144    314    145
   394 :     48    277    267
   395 :    268    278     35
   396 :    307    311    104
   397 :     96    312    308
   398 :     97    315    312
   399 :    311    316    103
   400 :    316    318    102
   401 :     98    317    315
   402 :    318    319    101
   403 :     99    320    317
   404 :    319    320    100
   405 :    148    281    269
   406 :    270    282    168
   407 :    278    290     36
   408 :     47    289    277
   409 :    282    296    169
   410 :    147    295    281
   411 :    146    304    295
   412 :    296    303    170
   413 :    145    314    304
   414 :    303    313    171
   415 :    172    313    306
   416 :    305    314    144
   417 :      3    321    289
   418 :    290    322      2
   419 :    284    322     94
   420 :    106    321    283
   421 :    305    324     85
   422 :    116    323    306
   423 :    164    255    246
   424 :    245    256    152
   425 :     93    256    245
   426 :    246    255    108
   427 :    291    323    117
   428 :     84    324    292
   429 :     12    301    292
   430 :    291    302     13
   431 :    118    302    291
   432 :    292    301     83
   433 :    283    321      3
   434 :      2    322    284
   435 :    306    323     11
   436 :      9    324    305
Number of domains 16
  Domain :      0 
  Name : 2_beam_T
  Number of elements :     11
     0     1     2     3     4     5     6     7     8     9
    10
  Domain :      1 
  Name : R_column_3
  Number of elements :     12
    11    12    13    14    15    16    17    18    19    20
    21    22
  Domain :      2 
  Name : 3_beam_B
  Number of elements :     11
    23    24    25    26    27    28    29    30    31    32
    33
  Domain :      3 
  Name : L_column_3
  Number of elements :     12
    34    35    36    37    38    39    40    41    42    43
    44    45
  Domain :      4 
  Name : L_column
  Number of elements :     37
    46    47    48    49    50    51    52    53    54    55
    56    57    58    59    60    61    62    63    64    65
    66    67    68    69    70    71    72    73    74    75
    76    77    78    79    80    81    82
  Domain :      5 
  Name : 3_beam_T
  Number of elements :     14
    83    84    85    86    87    88    89    90    91    92
    93    94    95    96
  Domain :      6 
  Name : Bottom1
  Number of elements :      2
    97    98
  Domain :      7 
  Name : R_column
  Number of elements :     37
    99   100   101   102   103   104   105   106   107   108
   109   110   111   112   113   114   115   116   117   118
   119   120   121   122   123   124   125   126   127   128
   129   130   131   132   133   134   135
  Domain :      8 
  Name : L_column_1
  Number of elements :     10
   136   137   138   139   140   141   142   143   144   145
  Domain :      9 
  Name : Bottom2
  Number of elements :      2
   146   147
  Domain :     10 
  Name : 1_beam_B
  Number of elements :     11
   148   149   150   151   152   153   154   155   156   157
   158
  Domain :     11 
  Name : R_column_1
  Number of elements :     10
   159   160   161   162   163   164   165   166   167   168
  Domain :     12 
  Name : 1_beam_T
  Number of elements :     11
   169   170   171   172   173   174   175   176   177   178
   179
  Domain :     13 
  Name : L_column_2
  Number of elements :     12
   180   181   182   183   184   185   186   187   188   189
   190   191
  Domain :     14 
  Name : R_column_2
  Number of elements :     12
   192   193   194   195   196   197   198   199   200   201
   202   203
  Domain :     15 
  Name : 2_beam_B
  Number of elements :     11
   204   205   206   207   208   209   210   211   212   213
   214
